"","v","a","ter","c","h","ter"
"1",0.572252123616636,0.301361160236411,0.0287073894869536,0.099478714450141,0.459931368576463,0.88078402428705
"2",2.35656460281461,0.335455529973842,0.517303791828454,0.728926752064695,0.697231447254523,0.483342866303287
"3",1.76089322171174,1.45192096265964,0.234514969866723,0.740474933809493,0.109626739578759,0.758713889115777
"4",0.601944025140256,0.177217336487956,0.489395681302994,0.606399225786547,0.67237011164972,0.388950210848975
"5",0.750208596233279,0.729692993452772,0.532153855310753,0.18406130895601,0.399969027581587,0.763340111265865
"6",1.22806285880506,0.470211087609641,0.291355290450156,0.372666504357684,0.173444902554056,0.306282742730126
"7",0.136318863602355,0.537960941204801,0.859338319627568,0.0781332682892259,0.338582091355473,0.959239150104163
"8",0.842435164377093,0.741857902728952,0.450776904122904,0.22548007277588,0.211202632427694,0.642980588907621
"9",0.464897974859923,0.0712698460556567,0.039076199522242,0.612283099675551,0.221934452652931,0.63884556805715
"10",1.4955853682477,0.462180966278538,0.958286283770576,0.311566348680485,0.167407289735743,0.962616153920969
"11",0.871046229964122,0.88825920119416,0.0020039058290422,0.326930110320256,0.246183737292225,0.150026090347401
"12",1.55780564923771,0.362377291428857,0.76898210705258,0.173834339912539,0.3655942399752,0.0651659263455626
"13",2.6626352048479,1.03260909381788,0.461983224609867,0.707527077483677,0.494510514481653,0.0516484919436363
"14",2.74715520534664,1.23106495232787,0.468286500312388,0.148182501200989,0.57789056825727,0.0676200021313378
"15",1.61505919438787,0.122892969637178,0.77824938041158,0.321455839184305,0.665256394199044,0.659926640530293
"16",2.68841736833565,0.646014492027462,0.555703221121803,0.472778037889029,0.379148073793116,0.966580846919872
"17",2.84207867947407,0.393263386096805,0.0337535636499524,0.344285434269083,0.207517092121745,0.222162183989161
"18",1.75085101998411,0.532979198265821,0.182179318740964,0.706179375812842,0.6428973203506,0.00152140119351635
"19",1.80369141837582,0.394351104972884,0.689134037820622,0.1231142369754,0.746831909784235,0.982519451723633
"20",0.970175636932254,0.265573086217046,0.39980676304549,0.111528864496882,0.506404458590027,0.00422489092340861
"21",1.92469709389843,0.765660725533962,0.0762606712523848,0.0615670704104535,0.691882822534775,0.0611886490867432
"22",0.479796800762415,0.501109856064431,0.000376860145479441,0.126494131818948,0.24544207937918,0.0532006950525667
"23",0.0933693798724562,0.0609966547926888,0.785169481765479,0.0444932112004608,0.135991064831614,0.954576434567571
"24",2.2159511432983,1.03411831625272,0.962112114531919,0.564756789801443,0.359599976099492,0.155977085467212
"25",0.0475813806988299,0.211256015114486,0.282058879965916,0.0779848730960857,0.585307792568036,0.00926166427918698
"26",1.32475718460046,0.701575473882258,0.651698506437242,0.289053814485277,0.366311787419224,0.84545412094096
"27",1.80727078579366,0.846282233367674,0.216169252758846,0.55950617266015,0.569272303606232,0.00036752142179208
"28",2.9024579396937,0.320901693077758,0.546403147978708,0.277689579294193,0.497090973189231,0.0370117268726401
"29",2.37937019602396,1.28245377866551,0.376042342046276,0.64200147966367,0.616758134341165,0.681041351834513
"30",1.37419224902987,1.35997107136063,0.652998741948977,0.482374187630001,0.476722844336045,0.195002275154608
