"","v","a","ter","c","h","ter"
"1",1.84208552842028,0.288265956798568,0.798810295527801,0.145768616523988,0.457990072153765,0.218533033704501
"2",0.121260705403984,0.861086318618618,0.398121031699702,0.39751712983318,0.670729102534784,0.694136195735857
"3",1.77151229744777,0.25687061122153,0.844442077213898,0.13950382579714,0.497989560392463,0.505727602112299
"4",0.285780366277322,0.174661468248814,0.981858877465129,0.0368814983283872,0.280974103362673,0.344749073877756
"5",2.70035774074495,0.62296485202387,0.908966082148254,0.378477285000428,0.246012637187744,0.228984727649733
"6",2.07292324583977,0.818550491938367,0.540232590865344,0.238063191874058,0.356317807297019,0.059308412526438
"7",0.575691093457863,0.810886482708156,0.645633365958929,0.12927779221805,0.491789461231349,0.268455010868624
"8",1.1998081386555,0.113583882688545,0.381699176738039,0.0598346311716838,0.511104158963808,0.0155680973382874
"9",2.17935396032408,0.0348968363832682,0.93098803400062,0.484468745416962,0.573613116238266,0.4482728486415
"10",0.452050532447174,1.1577304500388,0.782373307738453,0.142647702769639,0.469137096182484,0.119671759779638
"11",2.92358751199208,0.640055866213515,0.377599761122838,0.301575584254036,0.478917463395447,0.00193445702748348
"12",1.63553948770277,0.334551545907743,0.16832741140388,0.207339551395283,0.617884623876047,0.00420456801890103
"13",1.75520812114701,1.11161619401537,0.108007136499509,0.365671212011412,0.565308454569714,0.377926905371761
"14",1.95925479428843,0.270270954002626,0.897392254089937,0.148756138086498,0.461799243745256,0.341024517326411
"15",2.5398372374475,1.34398777526803,0.737417793832719,0.499274493573914,0.428369221622871,0.325531951944565
"16",1.552927716868,0.689267032896169,0.396730146370828,0.187703661129892,0.287328142091934,0.00668564180744157
"17",2.50809229002334,1.40082294191234,0.0807760013267398,0.496039223816665,0.233224254918388,0.690087098005043
"18",1.03120377799496,0.840696169878356,0.0644769025966525,0.241991563368859,0.203790508171908,0.463372307491035
"19",0.98848680825904,0.01933437155094,0.127068616915494,0.296602101880126,0.578682233253494,0.197934850445017
"20",1.97564736334607,1.33915508980863,0.573457966092974,0.49998941912953,0.353260666137117,0.160505318987415
"21",0.535419547464699,0.981610964750871,0.866232634754851,0.15523704967619,0.492512718694981,0.403244119802306
"22",1.16342864558101,0.541416171938181,0.196506782434881,0.00300022936083049,0.346151613842159,0.000576381146600378
"23",0.413233772618696,0.997732823132537,0.244361012242734,0.189148183555189,0.674212398743429,0.365981456878254
"24",1.69853761070408,1.31560674367938,0.543796641752124,0.260093881687387,0.204639061712778,0.0651785754882943
"25",0.128761142492294,0.140624141902663,0.31978775979951,0.0436855573417111,0.504994956871404,0.00101772577209537
"26",1.93706342135556,0.48190704791341,0.723154160194099,0.240265000360538,0.491242424931482,0.30714878382743
"27",1.47594879381359,1.34125001973007,0.827178694307804,0.434746224074625,0.365970006752814,0.467287187829862
"28",2.55829549580812,1.38843786763027,0.0407605823129416,0.183090039726809,0.635586741311671,0.0157864501963991
"29",2.24029551493004,0.323608720558695,0.883123891660944,0.193626321576325,0.487064681508268,0.47468464280041
"30",0.0115169165655971,0.383380141924135,0.525189961539581,0.0608481711370437,0.275967514685891,0.65746129717722
