"","v","a","ter","c","h","ter"
"1",1.56113095767796,0.238132312893867,0.635298456973396,0.10499751105119,0.497912683684793,0.293866119338514
"2",3.73942964617163,0.692185264825821,0.176099967514165,0.499332759220903,0.308603119308246,0.328539966198982
"3",2.07710950821638,0.284950906597078,0.558650826546363,0.382819992784678,0.629107455721142,0.23415669494614
"4",0.336029664613307,0.492291509360075,0.552457348885946,0.146296060751353,0.425376263027403,0.0534574272710783
"5",0.727062358520925,0.00473049208521843,0.228967844159342,0.292766352649778,0.501212180266157,0.581324755260721
"6",1.50177230779082,0.411115627363324,0.582190246251412,0.162730254836307,0.457874998372346,0.102131018436399
"7",3.65626115072519,0.69432584065944,0.422596464725211,0.0389212707406788,0.166665942695064,0.548281444440098
"8",3.02547769714147,0.14482125993818,0.176275414275005,0.152538394615089,0.215470960441667,0.33178477623636
"9",3.5551968133077,0.482083639129996,0.275753944274038,0.424483904228796,0.210334721485096,0.386304788756455
"10",2.84218531474471,0.0720188966020942,0.682294486812316,0.369492537691258,0.270485943090171,0.194449873175472
"11",0.202964558266103,0.255765413492918,0.644744720705785,0.0752355039221586,0.277916918934708,0.641667862526001
"12",3.41238942462951,0.126349828951061,0.259395004529506,0.156010699324411,0.540899956731712,0.00238671666431489
"13",1.56090052332729,0.111705461889505,0.593773732357658,0.0920639637121837,0.125924863864964,0.298088436457245
"14",0.557515307329595,0.687679187394679,0.544856789615005,0.114855969499685,0.482261808346857,0.110246744267135
"15",2.03220065869391,0.748492499813437,0.02952641681768,0.375339395814392,0.21792672268071,0.563093041992418
"16",1.65619104169309,0.659744698740542,0.261468015308492,0.295436243970627,0.303782649931733,0.631412602871144
"17",0.499985178001225,0.0416493775323033,0.443335113395005,0.456714515807107,0.677023337804712,0.356509563885629
"18",0.328422224149108,0.435562824271619,0.0104771779617295,0.0983748037218684,0.454398688671022,0.0891429965634692
"19",0.853444906882942,0.670212978497148,0.533441378781572,0.161380194912426,0.494139788982183,0.131433608374886
"20",0.802185414358974,0.333915784023702,0.662591766985133,0.333419058122677,0.376578524642253,0.146404481914364
"21",0.770857360213995,0.657732789777219,0.521051282971166,0.201627203500451,0.634485676352278,0.645573477736885
"22",0.872933686710894,0.507347245886922,0.242655452084728,0.165699384483941,0.281394391722334,0.570032872156002
"23",0.57776624429971,0.492142570577562,0.441255389899015,0.123571408773295,0.160785371194432,0.649975963332867
"24",3.62339203804731,0.703393497318029,0.285250308993272,0.499864917623279,0.261044695474218,0.589309706271297
"25",0.185634052380919,0.224270517937839,0.351530091045424,0.0398011615374858,0.52681800411629,0.0076599401028551
"26",2.1140141421929,0.406699682585895,0.078568509593606,0.253798728520407,0.307954353997151,0.450895572466821
"27",2.66867316700518,0.192508886195719,0.2367999027716,0.175578314048156,0.463579977042076,0.401219272254926
"28",0.274198918603361,0.328679049946368,0.553410279750824,0.0756144972282832,0.395306377355033,0.585902835332178
"29",1.44590690173209,0.22291764523834,0.442359199211933,0.308119157528103,0.215470813897008,0.0141589435771754
"30",2.13232934009284,0.379167999140918,0.577154245739803,0.216337495763241,0.474264419368043,0.170070723941251
